Estación:       NOGALES,  SON
Operada por:    SMN EMAS
Longitud:       110°54'50"  Latitud: 31°17'52"  Altitud: 1269

DD/MM/AAAA HH:MM      DIRS      DIRR      VELS      VELR      TEMP        HR        PB      PREC   RADSOL
24/01/2019 17:00        37       352      4.06     12.90      10.5        29     877.0       0.0     620.7
24/01/2019 18:00        96       123      5.48     12.50      13.1        27     876.7       0.0     729.2
24/01/2019 19:00        66       338      6.00     15.80      15.7        26     876.1       0.0     771.2
24/01/2019 20:00        24        58      8.79     23.40      17.1        24     875.0       0.0     737.0
24/01/2019 21:00         6       354      8.89     19.20      17.7        23     874.3       0.0     630.7
24/01/2019 22:00       340       321      9.17     21.30      17.8        23     874.1       0.0     464.3
24/01/2019 23:00       338       336     11.71     22.30      17.1        24     874.2       0.0     246.7
25/01/2019 00:00       335       335     14.65     25.40      15.2        26     874.7       0.0      61.7
25/01/2019 01:00       338       332     14.58     27.60      13.0        30     875.7       0.0       0.0
25/01/2019 02:00       335       339     11.99     25.20      11.7        30     876.3       0.0       0.0
25/01/2019 03:00       278       344      3.82     18.40      10.5        33     876.4       0.0       0.0
25/01/2019 04:00       284       355      3.22      8.80       9.0        36     876.2       0.0       0.0
25/01/2019 05:00       239       349      3.27      7.50       7.9        40     876.2       0.0       0.0
25/01/2019 06:00       260       229      0.26      5.00       6.3        43     875.9       0.0       0.0
25/01/2019 07:00       223       320      1.47      6.60       5.1        46     875.7       0.0       0.0
25/01/2019 08:00       230       286      2.52      7.10       4.6        45     875.8       0.0       0.0
25/01/2019 09:00       238       259      2.87      6.40       3.8        49     876.2       0.0       0.0
25/01/2019 10:00       241       216      2.90      6.30       3.2        48     876.5       0.0       0.0
25/01/2019 11:00       253       296      1.11      4.40       2.7        47     876.2       0.0       0.0
25/01/2019 12:00        95        98      3.76      7.90       2.5        49     876.2       0.0       0.0
25/01/2019 13:00       101        97      4.34      7.30       2.0        50     876.3       0.0       0.0
25/01/2019 14:00        86        90      5.15     11.00       2.0        50     876.3       0.0      22.3
25/01/2019 15:00        84        94      7.60     16.00       5.6        42     876.1       0.0     238.3
25/01/2019 16:00        85        76     11.63     21.70       8.2        37     876.4       0.0     464.7
25/01/2019 17:00        90        97      7.36     20.80      11.8        29     876.9       0.0     633.3
25/01/2019 18:00        67       107      6.75     15.20      15.0        24     876.6       0.0     739.2
25/01/2019 19:00        49        98      6.87     17.10      17.1        20     875.8       0.0     780.0
25/01/2019 20:00        85       315      4.09     16.50      18.5        18     874.9       0.0     746.0
25/01/2019 21:00        21       244      4.39     14.20      19.7        16     874.0       0.0     637.5
25/01/2019 22:00       340       352      6.43     16.60      20.2        14     873.4       0.0     471.3
25/01/2019 23:00       309       360      6.97     18.30      20.4        14     873.1       0.0     263.0
26/01/2019 00:00       339       343     12.48     22.10      17.8        19     873.0       0.0      67.8
26/01/2019 01:00       314       337      9.04     23.10      15.0        24     873.4       0.0       0.0
26/01/2019 02:00       327       328     20.59     38.80      12.9        28     874.0       0.0       0.0
26/01/2019 03:00       276       344      6.61     38.90      11.2        32     874.6       0.0       0.0
26/01/2019 04:00        11       266      0.73     10.90       9.1        38     874.4       0.0       0.0
26/01/2019 05:00       328       349     12.82     32.90       8.7        39     874.9       0.0       0.0
26/01/2019 06:00       307       351      6.97     27.00       8.2        40     875.4       0.0       0.0
26/01/2019 07:00       190       192      1.58      6.70       6.3        45     875.1       0.0       0.0
26/01/2019 08:00       328       312      5.39     10.00       5.6        47     875.1       0.0       0.0
26/01/2019 09:00        80       316      2.46      9.00       4.4        49     875.2       0.0       0.0
26/01/2019 10:00       266       320      2.71     14.80       4.3        48     875.1       0.0       0.0
26/01/2019 11:00       247       260      4.21      8.00       3.5        50     874.9       0.0       0.0
26/01/2019 12:00       343       357      7.27     18.00       5.2        44     875.3       0.0       0.0
26/01/2019 13:00       181       268      1.92      8.80       3.3        50     875.7       0.0       0.0
26/01/2019 14:00       132       115      2.61      8.40       2.6        52     876.5       0.0      20.8
26/01/2019 15:00       307       342      6.57     21.40       6.8        42     877.1       0.0     228.5
26/01/2019 16:00       321       334      9.20     19.60       8.1        38     877.4       0.0     386.0
26/01/2019 17:00
26/01/2019 18:00
26/01/2019 19:00
26/01/2019 20:00
26/01/2019 21:00
26/01/2019 22:00
26/01/2019 23:00
27/01/2019 00:00
27/01/2019 01:00
27/01/2019 02:00
27/01/2019 03:00
27/01/2019 04:00
27/01/2019 05:00
27/01/2019 06:00
27/01/2019 07:00
27/01/2019 08:00
27/01/2019 09:00
27/01/2019 10:00
27/01/2019 11:00
27/01/2019 12:00
27/01/2019 13:00
27/01/2019 14:00
27/01/2019 15:00
27/01/2019 16:00
27/01/2019 17:00
27/01/2019 18:00
27/01/2019 19:00
27/01/2019 20:00       234       224      6.54     17.90      22.8        15     875.2       0.0     730.0
27/01/2019 21:00       273       307     11.92     26.20      23.8        14     874.3       0.0     622.2
27/01/2019 22:00       265       312     13.90     30.20      23.3        14     874.1       0.0     489.8
27/01/2019 23:00       298       330      9.69     28.00      22.6        15     873.8       0.0     271.8
28/01/2019 00:00       271       280      9.70     23.60      20.5        18     873.6       0.0      68.7
28/01/2019 01:00       309       346      7.36     19.50      17.0        24     873.8       0.0       0.0
28/01/2019 02:00       280       300      1.51     11.60      14.3        28     873.7       0.0       0.0
28/01/2019 03:00       324       346      6.69     17.70      13.9        27     874.0       0.0       0.0
28/01/2019 04:00       241       231      5.68      8.70      11.8        32     874.1       0.0       0.0
28/01/2019 05:00       309       320      1.44      7.50      10.7        34     873.7       0.0       0.0
28/01/2019 06:00        75       114      3.06      5.70       9.8        34     873.6       0.0       0.0
28/01/2019 07:00       292       329      2.40      8.20       8.5        38     873.3       0.0       0.0
28/01/2019 08:00       279       360      1.04      5.30       7.9        40     873.1       0.0       0.0
28/01/2019 09:00        87       103      5.18     10.20       7.6        39     872.9       0.0       0.0
28/01/2019 10:00       240       329      0.83      6.10       6.3        43     872.8       0.0       0.0
28/01/2019 11:00        72        75      1.54      4.50       6.5        42     872.8       0.0       0.0
28/01/2019 12:00        91        98      4.46      8.80       6.3        42     872.6       0.0       0.0
28/01/2019 13:00       324        96      2.43      6.10       5.6        44     872.6       0.0       0.0
28/01/2019 14:00       306       304      0.82      5.00       5.9        44     873.1       0.0      20.7
28/01/2019 15:00        83        93      4.30      8.40       9.8        38     873.3       0.0     233.0
28/01/2019 16:00        92       111      3.91      8.00      14.2        31     873.4       0.0     445.7
28/01/2019 17:00       119       152      4.33     10.50      17.6        26     873.6       0.0     590.8
28/01/2019 18:00         5       360      3.38     14.40      19.7        22     873.5       0.0     647.8
28/01/2019 19:00       355       359      7.89     19.20      19.9        18     873.1       0.0     727.3
28/01/2019 20:00       318       349      7.37     20.00      21.2        19     872.4       0.0     719.2
28/01/2019 21:00       335       348      8.99     20.80      22.1        19     871.9       0.0     580.5
28/01/2019 22:00       344       328      9.07     21.90      21.9        20     871.7       0.0     414.8
28/01/2019 23:00       339       293      9.53     24.00      21.5        20     871.6       0.0     174.7
29/01/2019 00:00       317       349      5.20     17.10      19.3        22     871.8       0.0      37.2
29/01/2019 01:00       273       282      5.33     11.90      16.9        27     872.1       0.0       0.0
29/01/2019 02:00       293       310      3.87     11.70      15.0        30     872.9       0.0       0.0
29/01/2019 03:00       256       306      7.70     11.90      14.1        32     873.4       0.0       0.0
29/01/2019 04:00       242       264      5.26     11.90      13.2        34     873.8       0.0       0.0
29/01/2019 05:00       166       256      1.35      8.40      12.4        37     873.7       0.0       0.0
29/01/2019 06:00       252       210      2.24      9.20      11.3        40     873.6       0.0       0.0
29/01/2019 07:00        64        20      1.15      6.60      10.9        41     873.3       0.0       0.0
29/01/2019 08:00        92       116      4.92      8.20      10.5        43     873.1       0.0       0.0
29/01/2019 09:00       355       124      2.32     10.60       9.7        44     872.4       0.0       0.0
29/01/2019 10:00       235       278      1.73      8.10       8.3        49     872.3       0.0       0.0
29/01/2019 11:00       100       106      5.28      8.20       7.3        50     872.0       0.0       0.0
29/01/2019 12:00       281       307      3.88      6.30       7.3        51     871.8       0.0       0.0
29/01/2019 13:00       350       335      1.60      6.20       7.7        50     872.0       0.0       0.0
29/01/2019 14:00       275       269      3.41      7.00       7.8        50     872.2       0.0       6.2
29/01/2019 15:00       231       273      1.93     10.20       9.6        47     872.4       0.0      93.0
29/01/2019 16:00       299       296      2.26      9.20      12.8        38     872.6       0.0     197.5
29/01/2019 17:00       250       267      6.97     21.60      15.5        33     872.9       0.0     302.2
29/01/2019 18:00       221       247      9.65     21.10      17.4        29     872.7       0.0     343.2
29/01/2019 19:00       244       278      8.80     22.80      18.0        29     871.9       0.0     266.2
29/01/2019 20:00       254       319     10.13     23.10      19.5        28     870.9       0.0     494.2
29/01/2019 21:00       268       275     16.81     32.30      21.1        23     870.4       0.0     637.2
29/01/2019 22:00       249       264     14.99     29.50      21.0        23     870.2       0.0     500.5
29/01/2019 23:00       261       274     15.14     27.70      19.7        24     869.9       0.0     187.2
30/01/2019 00:00       253       278      9.82     21.00      18.0        26     869.9       0.0      37.7
30/01/2019 01:00       236       236      8.17     17.10      16.7        30     870.1       0.0       0.0
30/01/2019 02:00       243       257     10.89     19.10      15.6        32     870.5       0.0       0.0
30/01/2019 03:00       246       242      7.03     17.80      14.5        34     870.7       0.0       0.0
30/01/2019 04:00       245       276      4.40     10.80      13.8        36     870.8       0.0       0.0
30/01/2019 05:00        94        89      4.61      8.00      12.7        38     870.9       0.0       0.0
30/01/2019 06:00       219       202      4.03      8.60      12.7        38     870.9       0.0       0.0
30/01/2019 07:00       153       158      5.08     14.60      13.1        38     870.6       0.0       0.0
30/01/2019 08:00       278       298      2.49      8.00      12.5        41     870.5       0.0       0.0
30/01/2019 09:00       330       314      1.09      7.80      11.0        45     870.4       0.0       0.0
30/01/2019 10:00       323       336      3.12      6.80       9.2        50     870.5       0.0       0.0
30/01/2019 11:00        44        94      2.09      4.40       8.8        51     870.5       0.0       0.0
30/01/2019 12:00       284       311      2.50      6.50       9.2        51     870.4       0.0       0.0
30/01/2019 13:00        92       359      3.03      6.10       9.3        52     870.7       0.0       0.0
30/01/2019 14:00       226       248      0.80      6.70       9.5        52     871.0       0.0       4.5
30/01/2019 15:00       263       300      2.64      6.80      10.5        49     871.7       0.0      44.7
30/01/2019 16:00        93        96      4.30     11.20      12.4        45     872.2       0.0     177.7
30/01/2019 17:00        80        91      7.16     13.50      14.7        39     872.6       0.0     354.7
30/01/2019 18:00       199       218      9.09     20.50      17.2        32     872.4       0.0     605.3
30/01/2019 19:00       225       264     13.16     27.00      17.9        30     871.7       0.0     536.0
30/01/2019 20:00       187       223     12.26     30.20      18.4        30     870.8       0.0     513.5
30/01/2019 21:00       222       260     12.50     28.10      18.7        31     870.4       0.0     390.8
30/01/2019 22:00       240       267     14.25     32.40      18.6        29     870.2       0.0     290.0
30/01/2019 23:00       235       248     13.72     24.70      17.5        30     870.2       0.0     117.3
31/01/2019 00:00       228       235     10.66     22.00      16.8        30     870.5       0.0      45.7
31/01/2019 01:00       223       229      7.49     17.40      16.1        32     870.6       0.0       2.3
31/01/2019 02:00       250       260      5.04     10.20      14.9        35     871.1       0.0       0.0
31/01/2019 03:00       269       273      4.03      8.00      13.8        38     871.5       0.0       0.0
31/01/2019 04:00       285       278      5.17      9.40      12.9        40     871.9       0.0       0.0
31/01/2019 05:00       193       225      5.48     15.10      12.4        44     872.1       0.0       0.0
31/01/2019 06:00       214       225     14.46     25.40      13.4        42     872.2       0.0       0.0
31/01/2019 07:00       238       225      7.27     25.20      12.5        44     872.5       0.0       0.0
31/01/2019 08:00       109       272      2.15     10.20      10.7        49     872.5       0.0       0.0
31/01/2019 09:00       253       309      3.05      6.20       9.7        52     872.6       0.0       0.0
31/01/2019 10:00        24       355      2.06      5.40       9.0        54     872.7       0.0       0.0
31/01/2019 11:00       261       236      1.85      6.00       7.7        58     872.7       0.0       0.0
31/01/2019 12:00       267       268      2.48      5.60       7.1        60     872.7       0.0       0.0
31/01/2019 13:00       359       347      3.60      7.60       7.0        60     872.9       0.0       0.0
31/01/2019 14:00       206       229      1.50      2.70       6.6        62     873.2       0.0       0.0
31/01/2019 15:00
31/01/2019 16:00
